(254, 117), (394, 119), (253, 170), (314, 182), (342, 184), (402, 172), (232, 267), (324, 263), (407, 269), (269, 317), (324, 316), (382, 316), (321, 362), (324, 399)
(254, 118), (393, 121), (254, 172), (313, 183), (341, 184), (401, 173), (234, 268), (323, 264), (407, 270), (268, 316), (325, 319), (380, 317), (321, 363), (323, 402)
(255, 117), (395, 121), (255, 172), (315, 184), (341, 186), (402, 171), (232, 268), (323, 263), (406, 267), (268, 316), (324, 317), (380, 316), (320, 361), (324, 401)
(254, 118), (395, 121), (254, 171), (312, 185), (342, 184), (401, 173), (234, 269), (324, 265), (406, 269), (270, 317), (323, 318), (380, 315), (323, 363), (325, 402)
(254, 119), (393, 121), (254, 172), (313, 186), (344, 186), (401, 172), (233, 268), (321, 264), (406, 268), (270, 317), (323, 317), (380, 316), (322, 363), (324, 400)
(252, 119), (395, 123), (254, 170), (313, 185), (345, 186), (400, 171), (232, 268), (325, 266), (407, 269), (266, 317), (324, 321), (379, 316), (322, 363), (324, 404)
(253, 119), (394, 120), (254, 171), (308, 185), (341, 185), (400, 173), (231, 268), (323, 264), (405, 269), (270, 315), (322, 318), (379, 317), (320, 363), (325, 402)
(251, 119), (393, 121), (254, 174), (311, 187), (341, 186), (399, 171), (232, 268), (323, 267), (406, 269), (268, 318), (323, 320), (382, 316), (322, 366), (321, 402)
(252, 118), (392, 121), (253, 172), (313, 185), (342, 186), (401, 173), (232, 268), (324, 266), (407, 267), (268, 316), (322, 319), (379, 314), (322, 362), (323, 402)
(252, 120), (392, 121), (252, 171), (310, 185), (339, 185), (401, 172), (231, 266), (321, 266), (407, 269), (265, 318), (321, 320), (382, 313), (321, 364), (322, 402)
(252, 120), (390, 118), (252, 170), (312, 184), (343, 187), (400, 171), (232, 268), (322, 267), (407, 267), (269, 315), (322, 318), (377, 312), (319, 361), (322, 397)
(251, 117), (393, 121), (251, 172), (311, 185), (339, 184), (402, 172), (231, 267), (322, 265), (408, 271), (268, 315), (324, 319), (379, 311), (323, 363), (320, 402)
(251, 118), (392, 122), (252, 170), (311, 184), (340, 183), (401, 170), (231, 268), (322, 265), (406, 268), (266, 314), (322, 320), (379, 310), (323, 361), (325, 401)
(252, 115), (395, 120), (254, 170), (311, 183), (340, 185), (399, 171), (232, 266), (321, 263), (407, 268), (265, 316), (322, 320), (381, 313), (322, 362), (324, 399)
(252, 117), (394, 120), (252, 171), (310, 184), (339, 183), (398, 170), (232, 263), (320, 264), (405, 268), (264, 313), (322, 315), (378, 312), (324, 363), (323, 406)
(251, 116), (392, 116), (254, 167), (311, 181), (340, 183), (400, 170), (232, 267), (322, 263), (410, 264), (264, 315), (320, 316), (382, 309), (319, 362), (320, 398)
(253, 115), (395, 119), (252, 167), (312, 179), (339, 181), (396, 170), (230, 265), (322, 261), (408, 266), (267, 314), (325, 317), (381, 310), (319, 356), (325, 398)
(252, 116), (393, 116), (253, 166), (307, 182), (342, 184), (397, 169), (232, 265), (324, 262), (407, 263), (269, 312), (323, 316), (380, 307), (323, 355), (326, 394)
(251, 114), (394, 118), (253, 166), (311, 177), (345, 177), (402, 167), (230, 264), (322, 259), (407, 262), (270, 311), (323, 313), (382, 308), (323, 357), (320, 398)
(253, 112), (392, 113), (254, 164), (310, 176), (340, 177), (400, 165), (232, 260), (322, 252), (405, 260), (269, 312), (322, 310), (381, 307), (323, 355), (323, 393)
(252, 111), (391, 113), (252, 163), (312, 173), (339, 173), (399, 162), (230, 259), (323, 251), (408, 259), (269, 306), (323, 309), (380, 301), (319, 352), (323, 393)
(252, 111), (394, 112), (255, 159), (308, 174), (340, 175), (396, 161), (231, 257), (321, 250), (407, 258), (265, 304), (319, 305), (381, 303), (321, 349), (324, 392)
(251, 109), (390, 109), (253, 160), (308, 169), (340, 171), (399, 161), (231, 258), (319, 247), (407, 255), (267, 303), (322, 303), (380, 300), (319, 348), (324, 390)
(253, 109), (390, 110), (251, 155), (310, 168), (340, 169), (398, 159), (231, 258), (318, 245), (406, 256), (266, 302), (320, 304), (380, 298), (320, 348), (322, 394)
(250, 108), (390, 110), (251, 154), (311, 167), (337, 169), (397, 159), (228, 254), (319, 245), (406, 253), (264, 300), (321, 298), (376, 299), (320, 352), (321, 396)
(250, 105), (390, 109), (251, 154), (306, 164), (339, 165), (396, 154), (231, 255), (313, 243), (408, 253), (266, 298), (319, 297), (377, 297), (317, 360), (322, 394)
(249, 103), (388, 106), (251, 151), (308, 159), (337, 163), (398, 155), (230, 254), (318, 237), (407, 250), (264, 297), (320, 291), (381, 293), (316, 361), (322, 398)
(249, 104), (389, 104), (250, 148), (308, 155), (337, 157), (395, 149), (228, 254), (318, 236), (406, 250), (262, 296), (319, 290), (378, 293), (315, 364), (320, 403)
(249, 101), (386, 101), (250, 143), (306, 151), (332, 150), (395, 148), (226, 249), (314, 230), (405, 248), (264, 293), (319, 286), (376, 292), (316, 366), (318, 404)
(246, 98), (385, 97), (252, 139), (305, 146), (332, 149), (394, 144), (227, 249), (317, 232), (405, 244), (261, 291), (314, 282), (379, 287), (315, 359), (317, 397)
(248, 97), (387, 101), (252, 137), (306, 143), (332, 142), (390, 143), (226, 247), (314, 227), (406, 241), (260, 288), (316, 280), (383, 281), (316, 355), (316, 389)
(250, 99), (388, 99), (251, 138), (306, 144), (337, 142), (396, 142), (225, 245), (316, 227), (405, 242), (263, 288), (320, 281), (377, 284), (318, 354), (316, 392)
(249, 98), (387, 99), (252, 139), (308, 141), (337, 143), (388, 142), (228, 246), (314, 228), (406, 243), (262, 287), (318, 281), (380, 285), (316, 356), (318, 388)
(249, 95), (388, 98), (251, 138), (311, 140), (339, 140), (393, 138), (229, 245), (318, 225), (405, 241), (264, 287), (319, 281), (378, 286), (316, 358), (317, 391)
(251, 96), (387, 96), (254, 136), (308, 140), (340, 141), (397, 140), (229, 246), (320, 226), (408, 242), (265, 288), (319, 280), (380, 285), (318, 355), (317, 395)
(252, 94), (389, 97), (256, 135), (309, 139), (336, 140), (391, 139), (229, 245), (315, 223), (407, 242), (263, 290), (318, 277), (379, 285), (317, 353), (317, 388)
(251, 91), (390, 93), (254, 133), (310, 137), (337, 138), (389, 136), (228, 245), (316, 226), (408, 239), (264, 288), (319, 281), (380, 286), (319, 343), (317, 380)
(250, 96), (389, 94), (254, 137), (308, 141), (335, 139), (396, 139), (230, 240), (316, 225), (410, 242), (263, 285), (318, 280), (378, 284), (316, 339), (322, 373)
(251, 93), (389, 93), (252, 137), (309, 141), (340, 140), (392, 137), (229, 242), (318, 224), (408, 241), (264, 286), (319, 280), (379, 281), (319, 337), (319, 374)
(250, 94), (388, 94), (255, 138), (309, 142), (339, 143), (392, 139), (229, 243), (317, 224), (406, 237), (264, 282), (317, 279), (380, 281), (320, 332), (321, 372)
(252, 94), (390, 98), (254, 137), (310, 141), (338, 143), (392, 139), (231, 241), (316, 225), (406, 234), (260, 283), (320, 277), (376, 278), (322, 328), (324, 366)
(251, 94), (388, 94), (252, 138), (311, 145), (339, 144), (395, 140), (229, 243), (317, 223), (407, 233), (262, 282), (322, 282), (381, 276), (315, 326), (321, 360)
(250, 92), (387, 94), (252, 143), (307, 142), (336, 144), (394, 143), (232, 241), (317, 224), (405, 236), (263, 282), (321, 282), (382, 274), (316, 319), (321, 361)
(251, 95), (391, 95), (256, 141), (309, 148), (336, 149), (397, 143), (229, 241), (317, 223), (412, 237), (261, 282), (319, 285), (382, 276), (315, 316), (319, 355)
(252, 94), (388, 96), (256, 143), (312, 143), (338, 146), (392, 142), (233, 242), (318, 228), (409, 233), (262, 277), (319, 281), (383, 275), (316, 311), (318, 350)
(251, 96), (390, 96), (255, 143), (312, 147), (336, 144), (396, 145), (229, 239), (319, 226), (410, 234), (262, 278), (320, 281), (382, 271), (316, 310), (320, 345)
(253, 95), (390, 99), (258, 143), (312, 146), (339, 145), (394, 143), (229, 238), (320, 225), (411, 233), (261, 277), (321, 279), (382, 274), (314, 307), (318, 345)
(254, 95), (388, 98), (254, 144), (312, 144), (334, 145), (394, 144), (229, 236), (319, 226), (412, 234), (261, 271), (320, 279), (381, 271), (314, 309), (319, 347)
(254, 94), (392, 97), (257, 145), (315, 144), (339, 146), (397, 143), (228, 234), (316, 223), (409, 231), (260, 271), (321, 277), (382, 272), (312, 307), (318, 344)
(254, 93), (392, 94), (257, 138), (314, 143), (340, 144), (395, 141), (229, 233), (320, 224), (412, 231), (261, 268), (319, 274), (385, 269), (313, 305), (317, 347)
(256, 90), (394, 93), (260, 138), (315, 140), (342, 141), (399, 138), (231, 231), (323, 224), (412, 229), (260, 267), (319, 275), (386, 269), (314, 314), (319, 357)
(260, 88), (400, 92), (262, 133), (315, 138), (344, 137), (400, 136), (231, 229), (322, 220), (416, 232), (263, 266), (321, 277), (390, 270), (316, 326), (319, 372)
(260, 87), (400, 91), (262, 132), (317, 137), (347, 139), (406, 138), (230, 228), (324, 218), (417, 231), (266, 266), (325, 272), (391, 271), (320, 340), (322, 381)
(266, 85), (403, 90), (265, 130), (320, 136), (350, 138), (408, 138), (233, 227), (331, 218), (418, 232), (268, 263), (328, 269), (394, 272), (319, 339), (323, 380)
(268, 84), (406, 90), (269, 130), (327, 136), (353, 141), (407, 138), (234, 226), (332, 220), (419, 231), (268, 262), (328, 269), (392, 269), (319, 338), (321, 377)
(274, 81), (410, 95), (273, 127), (329, 136), (359, 143), (411, 140), (238, 221), (339, 216), (423, 231), (270, 259), (329, 270), (398, 264), (323, 332), (323, 372)
(278, 79), (415, 94), (278, 124), (331, 136), (360, 144), (416, 142), (241, 217), (343, 217), (427, 233), (271, 258), (332, 269), (394, 267), (324, 334), (326, 376)
(281, 76), (414, 94), (277, 124), (335, 137), (360, 140), (416, 143), (239, 217), (341, 216), (425, 230), (275, 260), (333, 265), (396, 267), (321, 336), (324, 372)
(280, 78), (414, 93), (276, 123), (332, 135), (362, 143), (415, 144), (240, 217), (343, 215), (426, 230), (272, 259), (335, 268), (399, 266), (321, 338), (319, 375)
(279, 74), (415, 91), (276, 122), (329, 135), (363, 142), (414, 141), (243, 218), (339, 213), (424, 229), (271, 259), (333, 266), (394, 263), (322, 340), (323, 376)
(280, 75), (414, 92), (276, 123), (332, 138), (364, 144), (411, 141), (241, 219), (341, 214), (424, 229), (269, 262), (336, 269), (392, 265), (322, 342), (322, 381)
(279, 77), (415, 92), (272, 122), (327, 138), (362, 145), (408, 141), (239, 218), (340, 213), (422, 231), (272, 265), (332, 268), (394, 268), (322, 337), (321, 374)
(275, 76), (412, 90), (274, 122), (330, 139), (359, 145), (409, 142), (239, 221), (339, 214), (423, 226), (272, 265), (335, 270), (398, 267), (325, 325), (323, 367)
(276, 79), (407, 91), (271, 123), (329, 140), (359, 149), (409, 145), (237, 220), (338, 216), (420, 228), (273, 265), (332, 272), (396, 268), (325, 311), (326, 353)
(273, 80), (408, 92), (272, 124), (328, 136), (358, 149), (409, 140), (238, 221), (334, 215), (423, 227), (270, 262), (333, 270), (393, 260), (327, 304), (329, 345)
(271, 76), (409, 91), (271, 124), (323, 139), (355, 149), (409, 140), (238, 220), (336, 211), (421, 223), (273, 260), (330, 270), (393, 264), (326, 307), (325, 348)
(271, 78), (408, 89), (267, 122), (324, 138), (359, 146), (407, 141), (239, 219), (334, 215), (420, 224), (272, 261), (336, 267), (395, 262), (327, 310), (326, 354)
(273, 77), (407, 86), (271, 123), (326, 138), (355, 142), (409, 140), (238, 217), (337, 210), (423, 220), (271, 255), (332, 264), (396, 256), (324, 314), (327, 356)
(269, 76), (404, 87), (271, 122), (324, 135), (352, 144), (404, 136), (238, 219), (336, 207), (422, 220), (271, 257), (335, 263), (399, 252), (326, 315), (329, 353)
(267, 76), (399, 85), (266, 124), (321, 138), (352, 144), (398, 134), (236, 218), (333, 209), (418, 217), (271, 257), (331, 262), (392, 254), (325, 311), (326, 350)
(263, 78), (397, 83), (263, 123), (316, 135), (346, 142), (398, 136), (237, 221), (330, 212), (417, 216), (269, 260), (332, 264), (391, 255), (327, 301), (327, 346)
(258, 81), (393, 84), (260, 127), (314, 139), (345, 142), (393, 136), (233, 223), (326, 214), (414, 217), (270, 266), (329, 264), (391, 255), (325, 298), (324, 341)
(254, 81), (390, 85), (256, 129), (310, 136), (337, 145), (386, 138), (231, 225), (321, 216), (412, 218), (269, 268), (327, 267), (387, 260), (323, 300), (323, 341)
(253, 83), (387, 88), (253, 131), (309, 137), (337, 145), (388, 139), (230, 226), (322, 219), (409, 220), (267, 269), (324, 267), (382, 259), (322, 301), (324, 345)
(251, 85), (386, 87), (252, 126), (307, 137), (331, 147), (384, 140), (232, 229), (318, 220), (406, 224), (266, 274), (323, 273), (380, 265), (321, 322), (325, 365)
(250, 82), (385, 87), (252, 125), (306, 133), (340, 148), (384, 140), (229, 228), (323, 216), (409, 227), (269, 279), (325, 268), (381, 270), (320, 339), (321, 375)
(251, 82), (385, 86), (252, 129), (308, 135), (333, 147), (388, 140), (232, 231), (320, 215), (404, 226), (267, 279), (321, 272), (380, 274), (319, 338), (322, 372)
(252, 82), (387, 87), (255, 125), (307, 134), (334, 145), (385, 140), (233, 232), (319, 218), (405, 226), (265, 276), (321, 273), (381, 271), (319, 329), (322, 367)
(252, 79), (389, 84), (255, 126), (308, 136), (333, 145), (388, 140), (232, 228), (320, 218), (405, 225), (267, 275), (321, 272), (379, 269), (320, 324), (319, 363)
(254, 80), (389, 86), (255, 127), (310, 135), (335, 144), (383, 139), (231, 231), (320, 218), (405, 228), (261, 274), (322, 271), (383, 270), (322, 325), (322, 361)
(254, 82), (390, 85), (257, 123), (311, 135), (334, 142), (387, 140), (232, 228), (318, 219), (408, 227), (267, 275), (323, 273), (383, 268), (318, 327), (323, 362)
(256, 83), (392, 87), (257, 124), (313, 135), (339, 143), (386, 140), (235, 226), (322, 217), (408, 226), (267, 273), (326, 272), (381, 268), (323, 327), (324, 362)
(256, 82), (389, 85), (257, 125), (314, 132), (336, 138), (389, 140), (235, 229), (319, 216), (409, 227), (268, 273), (323, 271), (382, 268), (321, 326), (321, 364)
(256, 80), (389, 88), (258, 123), (310, 130), (337, 135), (389, 138), (235, 230), (322, 217), (406, 226), (268, 275), (323, 273), (381, 268), (321, 328), (321, 361)
(255, 81), (390, 88), (257, 124), (312, 130), (339, 136), (389, 138), (234, 229), (321, 216), (409, 225), (268, 277), (324, 271), (382, 268), (321, 335), (320, 368)
(256, 81), (392, 89), (256, 125), (314, 132), (339, 137), (391, 143), (235, 232), (323, 220), (404, 230), (271, 285), (323, 274), (384, 273), (322, 338), (320, 372)
(258, 88), (394, 91), (260, 132), (314, 136), (339, 142), (390, 142), (235, 233), (319, 224), (408, 234), (269, 286), (324, 281), (384, 276), (323, 330), (324, 367)
(259, 83), (398, 96), (261, 132), (315, 138), (341, 143), (392, 150), (235, 235), (326, 225), (409, 234), (269, 285), (324, 283), (381, 275), (324, 323), (319, 365)
(258, 86), (392, 99), (260, 136), (313, 139), (339, 141), (390, 147), (232, 236), (322, 226), (411, 232), (267, 280), (323, 283), (384, 274), (322, 322), (320, 363)
(256, 87), (392, 94), (261, 137), (316, 140), (341, 146), (390, 149), (229, 233), (321, 224), (408, 232), (265, 279), (321, 282), (383, 274), (320, 329), (320, 367)
(256, 88), (393, 96), (265, 138), (314, 138), (341, 142), (390, 148), (231, 233), (322, 227), (410, 235), (267, 277), (322, 280), (382, 272), (320, 333), (318, 368)
(259, 87), (395, 94), (265, 137), (315, 138), (342, 146), (393, 149), (232, 230), (322, 225), (411, 233), (268, 278), (326, 283), (387, 271), (320, 335), (320, 368)
(257, 89), (394, 95), (264, 138), (317, 137), (340, 145), (391, 147), (231, 232), (322, 226), (413, 233), (263, 276), (324, 284), (386, 272), (319, 330), (321, 365)
(255, 89), (393, 91), (262, 138), (314, 139), (340, 142), (393, 147), (231, 230), (319, 222), (409, 229), (263, 272), (323, 281), (386, 270), (321, 319), (318, 353)
(255, 88), (394, 93), (260, 137), (308, 139), (342, 141), (391, 143), (232, 230), (322, 224), (410, 227), (265, 270), (319, 277), (384, 268), (320, 315), (319, 351)
(254, 87), (393, 93), (261, 136), (313, 135), (338, 140), (393, 144), (229, 228), (325, 219), (410, 228), (260, 268), (321, 278), (385, 265), (320, 307), (321, 346)
(255, 86), (393, 91), (260, 136), (314, 137), (339, 141), (390, 145), (228, 229), (322, 223), (411, 227), (260, 269), (323, 276), (386, 266), (317, 304), (320, 347)
(257, 87), (389, 91), (259, 138), (315, 139), (340, 141), (390, 146), (230, 227), (324, 221), (410, 223), (263, 267), (320, 274), (385, 266), (318, 301), (322, 340)
(258, 86), (389, 93), (262, 139), (314, 138), (338, 141), (389, 147), (226, 228), (319, 220), (411, 226), (260, 267), (320, 275), (385, 265), (318, 300), (319, 341)
(258, 86), (391, 92), (262, 140), (313, 137), (338, 140), (390, 145), (230, 228), (324, 224), (414, 228), (260, 265), (323, 275), (386, 264), (316, 299), (317, 340)
(258, 86), (392, 91), (263, 138), (316, 136), (339, 142), (390, 147), (229, 229), (323, 226), (411, 229), (260, 266), (322, 277), (386, 264), (314, 301), (321, 341)
(256, 88), (388, 92), (262, 139), (314, 138), (335, 141), (386, 147), (229, 228), (320, 225), (411, 227), (261, 264), (322, 275), (385, 265), (316, 297), (318, 342)
(256, 85), (392, 92), (257, 140), (315, 134), (338, 138), (391, 144), (229, 226), (322, 222), (410, 224), (258, 265), (319, 272), (387, 262), (315, 297), (317, 341)
(255, 84), (393, 93), (262, 139), (311, 133), (339, 138), (393, 141), (227, 226), (321, 222), (412, 227), (261, 266), (319, 275), (392, 261), (314, 297), (319, 338)
(257, 88), (392, 89), (262, 137), (316, 133), (335, 140), (393, 143), (230, 227), (320, 222), (412, 225), (261, 265), (319, 275), (382, 265), (313, 299), (318, 338)
(257, 82), (392, 87), (261, 134), (314, 133), (343, 138), (395, 138), (231, 226), (322, 217), (406, 224), (264, 268), (317, 272), (381, 265), (313, 304), (320, 343)
(256, 81), (393, 85), (253, 127), (312, 133), (343, 134), (400, 134), (228, 227), (321, 217), (410, 229), (266, 273), (317, 274), (381, 270), (319, 311), (320, 349)
(255, 79), (399, 87), (258, 118), (314, 129), (338, 132), (403, 128), (235, 228), (325, 215), (407, 228), (268, 272), (322, 276), (384, 273), (319, 323), (324, 356)
(257, 77), (399, 78), (256, 113), (309, 126), (344, 132), (403, 127), (234, 227), (326, 215), (407, 228), (270, 277), (323, 268), (381, 277), (321, 341), (326, 368)
(256, 77), (395, 80), (255, 114), (315, 126), (348, 130), (405, 122), (238, 231), (326, 213), (411, 229), (274, 278), (329, 268), (384, 278), (326, 345), (328, 374)
(258, 74), (399, 76), (257, 110), (316, 122), (347, 126), (405, 118), (236, 228), (330, 210), (410, 227), (274, 277), (332, 264), (385, 275), (328, 346), (330, 374)
(260, 72), (399, 75), (260, 111), (318, 121), (353, 124), (408, 115), (238, 227), (332, 208), (411, 227), (279, 275), (334, 261), (385, 275), (328, 345), (331, 373)
(259, 71), (400, 75), (257, 108), (314, 119), (349, 123), (409, 116), (239, 224), (331, 205), (411, 223), (276, 274), (331, 259), (384, 273), (325, 343), (333, 372)
(258, 68), (398, 72), (256, 105), (313, 121), (347, 122), (411, 111), (236, 224), (329, 204), (410, 223), (276, 270), (332, 258), (383, 271), (328, 343), (332, 373)
(259, 68), (393, 69), (254, 105), (312, 120), (340, 122), (404, 110), (234, 223), (329, 202), (409, 223), (275, 271), (327, 258), (378, 266), (327, 345), (328, 372)
(256, 68), (390, 70), (253, 109), (308, 115), (335, 120), (400, 113), (233, 224), (326, 202), (403, 220), (274, 273), (324, 260), (380, 268), (322, 342), (329, 377)
(248, 73), (387, 71), (248, 115), (302, 121), (336, 124), (395, 111), (232, 225), (320, 202), (402, 222), (271, 272), (325, 258), (378, 262), (323, 332), (333, 368)
(246, 74), (380, 72), (245, 111), (302, 123), (333, 130), (391, 115), (230, 227), (317, 205), (402, 218), (270, 268), (319, 257), (376, 264), (324, 319), (329, 360)
(248, 77), (381, 76), (245, 117), (301, 125), (335, 133), (387, 125), (231, 227), (316, 205), (406, 216), (263, 269), (315, 260), (375, 259), (321, 306), (326, 350)
(243, 79), (376, 73), (247, 122), (298, 131), (329, 139), (379, 125), (232, 225), (318, 205), (400, 213), (261, 265), (318, 265), (377, 256), (318, 297), (324, 341)
(243, 81), (377, 78), (248, 128), (297, 133), (322, 137), (375, 131), (228, 225), (314, 207), (403, 214), (261, 264), (318, 262), (377, 250), (317, 296), (323, 336)
(242, 83), (376, 77), (247, 129), (297, 135), (325, 138), (377, 131), (228, 225), (315, 205), (403, 212), (258, 261), (319, 261), (378, 250), (317, 295), (322, 339)
(242, 82), (373, 81), (249, 128), (296, 130), (325, 139), (373, 132), (226, 222), (314, 204), (402, 207), (262, 257), (320, 259), (381, 247), (318, 294), (320, 341)
(243, 82), (372, 80), (249, 130), (297, 132), (328, 139), (373, 130), (225, 220), (316, 204), (402, 207), (260, 255), (320, 260), (381, 244), (315, 307), (320, 353)
(244, 82), (374, 77), (251, 130), (299, 132), (325, 141), (376, 130), (226, 221), (316, 202), (403, 208), (261, 256), (321, 259), (383, 247), (317, 320), (319, 359)
(246, 83), (375, 78), (253, 132), (300, 131), (326, 137), (377, 130), (226, 221), (314, 204), (405, 207), (259, 257), (321, 260), (380, 245), (316, 315), (321, 356)
(245, 84), (375, 79), (254, 132), (305, 132), (325, 136), (378, 133), (226, 220), (317, 205), (404, 209), (261, 258), (319, 260), (384, 246), (314, 304), (315, 348)
(244, 81), (377, 77), (256, 132), (299, 131), (327, 139), (376, 133), (226, 221), (317, 205), (406, 208), (262, 257), (319, 260), (383, 247), (314, 301), (317, 348)
(245, 83), (377, 77), (256, 129), (300, 129), (328, 135), (379, 130), (227, 222), (317, 206), (408, 210), (260, 261), (321, 262), (386, 248), (315, 303), (317, 348)
(250, 80), (381, 80), (252, 131), (304, 128), (331, 135), (378, 129), (230, 222), (317, 207), (407, 213), (262, 259), (321, 263), (381, 253), (318, 312), (318, 347)
(250, 76), (382, 79), (251, 118), (302, 123), (331, 127), (385, 123), (230, 218), (321, 202), (403, 211), (265, 259), (320, 259), (381, 252), (316, 315), (319, 347)
(254, 73), (387, 76), (255, 111), (306, 117), (338, 123), (390, 119), (236, 218), (321, 201), (407, 214), (264, 257), (321, 258), (383, 252), (320, 310), (322, 345)
(254, 72), (389, 74), (258, 109), (313, 116), (339, 121), (390, 121), (236, 217), (323, 201), (409, 216), (267, 257), (322, 256), (384, 255), (318, 310), (321, 343)
(259, 67), (395, 78), (259, 110), (315, 117), (346, 120), (395, 121), (235, 213), (328, 198), (412, 215), (271, 255), (328, 254), (383, 255), (319, 309), (323, 343)
(263, 67), (395, 74), (261, 105), (316, 116), (347, 117), (396, 121), (242, 212), (327, 197), (412, 216), (273, 254), (327, 254), (388, 254), (321, 308), (326, 340)
(264, 68), (400, 73), (269, 104), (321, 112), (349, 121), (399, 121), (241, 212), (332, 196), (414, 216), (272, 254), (330, 254), (387, 254), (324, 309), (329, 342)
(271, 67), (401, 77), (270, 104), (325, 116), (354, 121), (402, 122), (245, 212), (334, 197), (413, 218), (280, 254), (333, 255), (387, 258), (328, 312), (328, 347)
(272, 64), (405, 78), (272, 105), (328, 120), (354, 123), (410, 125), (246, 214), (340, 199), (418, 223), (279, 259), (333, 256), (390, 265), (329, 319), (330, 353)
(276, 67), (409, 78), (273, 105), (331, 118), (357, 127), (407, 126), (248, 215), (340, 203), (419, 225), (281, 264), (334, 259), (388, 271), (330, 334), (330, 364)
(277, 68), (412, 83), (273, 106), (333, 120), (358, 125), (412, 128), (247, 218), (343, 206), (417, 230), (282, 271), (339, 260), (390, 274), (332, 342), (330, 369)
(277, 69), (412, 86), (275, 109), (335, 124), (360, 130), (413, 133), (248, 219), (346, 208), (423, 231), (284, 271), (340, 263), (390, 278), (330, 351), (330, 370)
(276, 70), (410, 83), (279, 109), (331, 124), (360, 132), (413, 130), (249, 219), (341, 210), (418, 232), (285, 273), (337, 263), (390, 280), (332, 351), (332, 372)
(276, 68), (411, 81), (276, 109), (332, 124), (359, 129), (413, 130), (249, 220), (345, 209), (419, 229), (284, 274), (339, 263), (390, 279), (331, 350), (331, 379)
(273, 68), (414, 82), (275, 112), (332, 124), (362, 129), (411, 131), (249, 223), (345, 210), (415, 232), (285, 274), (340, 267), (392, 276), (333, 351), (330, 380)
(274, 71), (411, 84), (276, 112), (333, 124), (361, 131), (410, 132), (247, 223), (348, 209), (415, 233), (285, 274), (337, 269), (395, 281), (336, 350), (332, 382)
(274, 73), (412, 83), (275, 115), (327, 125), (356, 132), (414, 132), (247, 221), (347, 208), (418, 228), (278, 271), (340, 268), (392, 276), (334, 342), (333, 369)
(272, 70), (407, 83), (276, 116), (329, 124), (359, 131), (410, 133), (245, 222), (339, 210), (417, 232), (281, 269), (335, 267), (393, 273), (333, 333), (329, 369)
(273, 73), (407, 87), (273, 111), (330, 123), (357, 132), (410, 131), (246, 221), (341, 213), (416, 229), (281, 271), (338, 269), (389, 270), (334, 322), (333, 359)
(273, 71), (409, 85), (270, 118), (335, 129), (358, 132), (408, 134), (248, 222), (342, 213), (420, 227), (279, 269), (338, 269), (395, 274), (332, 320), (333, 354)
(271, 72), (408, 84), (269, 116), (330, 126), (354, 131), (408, 134), (245, 222), (340, 209), (417, 229), (277, 269), (336, 270), (390, 270), (334, 317), (329, 350)
(273, 70), (410, 85), (272, 117), (330, 127), (356, 132), (407, 132), (244, 220), (340, 210), (416, 225), (278, 266), (335, 268), (396, 272), (330, 312), (330, 348)
(272, 72), (410, 84), (270, 117), (324, 129), (352, 134), (409, 133), (241, 219), (339, 210), (415, 225), (274, 264), (333, 269), (395, 268), (331, 311), (328, 346)
(269, 73), (406, 85), (272, 118), (324, 128), (352, 134), (405, 132), (242, 219), (337, 210), (420, 226), (276, 267), (333, 270), (385, 264), (331, 308), (328, 342)
(271, 70), (404, 82), (268, 119), (323, 129), (351, 135), (405, 133), (243, 221), (337, 210), (417, 224), (273, 263), (337, 270), (392, 257), (329, 302), (326, 335)
(269, 74), (401, 87), (269, 119), (323, 126), (353, 138), (406, 134), (240, 221), (335, 213), (417, 221), (273, 263), (334, 269), (395, 257), (329, 298), (330, 334)
(266, 74), (403, 83), (266, 123), (320, 131), (352, 136), (399, 135), (237, 221), (330, 216), (415, 218), (270, 261), (332, 271), (388, 258), (330, 298), (328, 328)
(263, 77), (399, 84), (264, 126), (317, 131), (346, 137), (399, 134), (240, 222), (332, 214), (418, 219), (267, 261), (329, 270), (394, 259), (326, 296), (328, 335)
(261, 78), (396, 84), (265, 126), (316, 130), (340, 136), (397, 136), (239, 221), (324, 212), (416, 223), (272, 262), (328, 272), (394, 260), (326, 296), (325, 335)
(262, 78), (392, 82), (264, 124), (313, 131), (340, 136), (393, 138), (237, 222), (325, 219), (415, 219), (264, 264), (331, 271), (391, 258), (322, 300), (326, 326)
(258, 79), (395, 87), (263, 132), (314, 133), (346, 139), (393, 137), (233, 227), (326, 221), (412, 220), (264, 263), (327, 271), (386, 259), (322, 298), (323, 332)
(257, 82), (395, 88), (261, 132), (314, 133), (340, 136), (389, 136), (233, 226), (322, 218), (414, 219), (264, 265), (329, 272), (390, 257), (320, 298), (322, 334)
(255, 83), (390, 84), (260, 133), (314, 131), (340, 135), (391, 139), (231, 228), (322, 217), (413, 222), (262, 267), (324, 276), (386, 257), (320, 299), (323, 332)
(252, 84), (386, 88), (257, 135), (309, 134), (338, 138), (390, 136), (230, 228), (321, 219), (409, 220), (262, 269), (323, 274), (387, 258), (319, 299), (322, 336)
(251, 85), (389, 87), (258, 135), (311, 133), (331, 135), (389, 138), (229, 230), (318, 225), (407, 220), (260, 271), (325, 277), (388, 259), (318, 303), (321, 335)
(243, 88), (384, 84), (254, 139), (308, 136), (335, 138), (385, 134), (229, 231), (323, 223), (406, 222), (263, 271), (327, 277), (383, 259), (320, 301), (323, 338)
(247, 85), (383, 88), (257, 139), (306, 137), (333, 136), (380, 139), (228, 232), (315, 228), (407, 219), (259, 272), (323, 276), (387, 258), (317, 306), (321, 335)
(246, 88), (381, 87), (254, 143), (305, 136), (329, 138), (380, 140), (228, 234), (314, 227), (405, 221), (262, 272), (323, 279), (380, 258), (315, 304), (322, 340)
(245, 88), (380, 90), (250, 143), (302, 136), (328, 139), (378, 138), (227, 228), (317, 230), (408, 222), (258, 269), (320, 280), (385, 260), (318, 303), (318, 336)
(243, 88), (379, 87), (253, 141), (300, 141), (327, 139), (381, 138), (226, 235), (315, 228), (406, 221), (262, 271), (319, 279), (381, 258), (315, 304), (319, 334)
(242, 93), (380, 87), (251, 142), (302, 138), (331, 138), (384, 139), (228, 232), (314, 228), (405, 223), (260, 272), (321, 276), (382, 258), (316, 302), (321, 343)
(243, 90), (378, 83), (253, 140), (301, 133), (327, 137), (381, 137), (229, 232), (316, 227), (406, 221), (257, 275), (319, 281), (380, 260), (318, 304), (322, 340)
(242, 91), (375, 86), (250, 139), (298, 134), (322, 136), (377, 140), (226, 234), (316, 227), (403, 222), (254, 275), (316, 280), (377, 260), (316, 302), (324, 339)
(240, 91), (377, 88), (255, 142), (305, 136), (329, 138), (377, 139), (225, 234), (316, 227), (402, 221), (257, 273), (320, 281), (384, 260), (315, 305), (321, 339)
(244, 91), (381, 85), (250, 140), (302, 136), (325, 137), (378, 141), (227, 236), (308, 226), (403, 223), (260, 271), (320, 277), (383, 260), (314, 306), (319, 335)
(241, 90), (375, 87), (256, 141), (305, 138), (328, 139), (379, 139), (226, 231), (316, 225), (408, 219), (260, 273), (313, 278), (380, 260), (310, 306), (321, 340)
(242, 94), (377, 89), (253, 144), (300, 138), (328, 139), (384, 141), (228, 233), (311, 223), (406, 225), (259, 271), (317, 278), (381, 259), (312, 304), (319, 338)
(243, 90), (381, 88), (252, 140), (302, 141), (331, 141), (384, 140), (229, 233), (311, 228), (402, 223), (256, 273), (318, 280), (384, 263), (316, 303), (322, 339)
(243, 87), (377, 88), (252, 143), (305, 141), (330, 139), (383, 135), (223, 235), (314, 223), (408, 222), (259, 272), (314, 278), (380, 259), (313, 306), (324, 340)
(244, 90), (381, 87), (252, 141), (305, 141), (327, 138), (381, 138), (227, 233), (315, 227), (402, 225), (257, 270), (320, 278), (379, 261), (309, 305), (324, 337)
(245, 92), (384, 86), (251, 141), (304, 141), (339, 142), (382, 141), (224, 233), (317, 222), (408, 225), (260, 271), (318, 276), (379, 261), (313, 304), (322, 339)
(245, 87), (380, 85), (252, 137), (304, 138), (330, 141), (383, 137), (225, 230), (318, 222), (408, 229), (259, 274), (323, 278), (386, 266), (313, 308), (320, 342)
(246, 85), (384, 83), (249, 134), (304, 140), (330, 144), (389, 136), (225, 230), (314, 226), (406, 225), (259, 274), (318, 279), (375, 268), (314, 313), (320, 347)
(244, 88), (382, 87), (248, 140), (303, 139), (333, 143), (393, 137), (229, 233), (314, 222), (402, 231), (260, 275), (319, 279), (380, 272), (317, 316), (321, 352)
(248, 86), (381, 84), (248, 135), (303, 141), (327, 145), (387, 133), (230, 235), (312, 222), (403, 228), (265, 278), (314, 279), (374, 274), (315, 319), (319, 347)
(247, 87), (386, 88), (250, 135), (305, 141), (332, 144), (393, 134), (230, 236), (314, 224), (408, 231), (261, 276), (316, 279), (379, 270), (316, 317), (322, 358)
(246, 84), (387, 88), (248, 133), (306, 141), (334, 145), (394, 137), (227, 236), (319, 220), (404, 232), (260, 277), (321, 279), (377, 276), (314, 318), (317, 353)
(249, 87), (391, 87), (251, 133), (306, 142), (340, 146), (395, 139), (232, 234), (320, 222), (409, 235), (265, 277), (321, 278), (380, 276), (314, 319), (321, 357)
(254, 83), (395, 87), (250, 132), (306, 143), (337, 145), (398, 136), (234, 229), (320, 223), (408, 233), (263, 277), (319, 277), (385, 275), (321, 315), (316, 366)
(258, 82), (398, 84), (254, 132), (311, 144), (339, 147), (398, 140), (235, 229), (316, 224), (407, 234), (267, 272), (320, 279), (381, 281), (315, 321), (320, 352)
(262, 83), (394, 89), (255, 132), (311, 144), (343, 148), (400, 137), (235, 233), (323, 220), (408, 233), (265, 277), (325, 278), (384, 276), (318, 317), (323, 360)
(261, 83), (398, 88), (260, 132), (315, 146), (346, 150), (404, 139), (233, 230), (322, 223), (406, 235), (267, 274), (322, 279), (382, 276), (320, 319), (324, 355)
(262, 84), (398, 89), (259, 134), (316, 147), (344, 149), (403, 139), (235, 231), (323, 224), (409, 235), (267, 275), (323, 280), (383, 279), (318, 324), (320, 353)
(263, 85), (401, 88), (260, 132), (316, 144), (346, 153), (405, 143), (237, 233), (321, 221), (409, 237), (267, 276), (325, 277), (382, 279), (316, 323), (322, 360)
(263, 83), (404, 91), (259, 135), (309, 149), (343, 152), (406, 142), (237, 231), (323, 223), (413, 235), (265, 279), (320, 276), (379, 279), (322, 321), (321, 351)
(263, 88), (404, 92), (260, 134), (317, 145), (346, 150), (406, 141), (231, 231), (321, 220), (406, 235), (264, 276), (324, 279), (376, 278), (320, 326), (323, 358)
(261, 82), (398, 87), (260, 135), (315, 149), (345, 153), (404, 143), (235, 230), (324, 226), (406, 232), (267, 277), (322, 279), (382, 278), (321, 326), (319, 356)
(263, 85), (400, 93), (258, 136), (311, 153), (344, 151), (402, 143), (235, 232), (324, 225), (401, 235), (269, 280), (321, 280), (381, 280), (323, 324), (326, 360)
(262, 84), (398, 90), (261, 134), (315, 149), (346, 154), (398, 143), (234, 232), (320, 224), (410, 234), (267, 278), (328, 278), (382, 277), (322, 323), (327, 360)
(263, 81), (396, 91), (260, 133), (318, 146), (347, 152), (402, 139), (237, 236), (327, 223), (407, 231), (268, 278), (326, 278), (382, 275), (322, 325), (322, 363)
(258, 84), (402, 86), (256, 137), (315, 152), (346, 154), (407, 140), (237, 232), (324, 223), (408, 237), (268, 277), (328, 281), (379, 275), (326, 327), (325, 362)
(260, 87), (394, 88), (258, 137), (316, 150), (347, 156), (405, 144), (237, 230), (327, 221), (407, 231), (271, 279), (327, 278), (384, 277), (324, 325), (324, 363)
(261, 88), (403, 92), (255, 136), (311, 147), (340, 155), (401, 141), (235, 233), (325, 224), (407, 232), (269, 280), (326, 278), (384, 275), (323, 323), (327, 363)
(259, 83), (393, 87), (260, 141), (315, 149), (345, 154), (395, 141), (238, 229), (326, 221), (408, 227), (272, 276), (322, 276), (378, 270), (324, 325), (326, 355)
(262, 87), (394, 93), (259, 136), (318, 149), (341, 154), (399, 139), (237, 231), (322, 225), (405, 233), (267, 275), (325, 276), (382, 276), (327, 321), (330, 357)
(260, 84), (392, 90), (256, 135), (318, 148), (346, 152), (404, 138), (238, 229), (330, 222), (407, 232), (268, 279), (330, 280), (378, 273), (330, 325), (328, 361)
(258, 88), (399, 90), (260, 136), (313, 148), (343, 153), (401, 142), (233, 234), (324, 222), (406, 232), (272, 277), (326, 277), (385, 276), (322, 323), (322, 357)
(264, 85), (395, 90), (256, 138), (315, 148), (346, 153), (403, 139), (234, 232), (323, 224), (405, 231), (268, 275), (328, 275), (382, 275), (322, 321), (327, 357)
(262, 85), (398, 88), (261, 137), (317, 152), (345, 153), (401, 141), (236, 231), (326, 223), (411, 230), (271, 275), (326, 276), (385, 278), (325, 321), (328, 355)
(258, 88), (395, 89), (257, 133), (313, 149), (341, 151), (403, 140), (238, 231), (323, 222), (405, 234), (266, 276), (323, 275), (385, 272), (325, 321), (327, 351)
(260, 87), (394, 89), (259, 135), (316, 148), (342, 153), (400, 141), (239, 230), (325, 225), (411, 231), (273, 276), (322, 276), (375, 272), (323, 323), (324, 348)
(258, 89), (396, 89), (261, 133), (315, 147), (345, 153), (404, 142), (240, 232), (326, 222), (406, 230), (271, 279), (327, 276), (382, 273), (327, 317), (327, 353)
(258, 85), (394, 90), (259, 136), (312, 147), (344, 152), (401, 139), (238, 232), (322, 223), (414, 232), (270, 278), (328, 280), (382, 271), (326, 318), (330, 356)
(261, 84), (395, 87), (259, 136), (314, 150), (346, 152), (402, 138), (237, 232), (323, 220), (411, 230), (272, 276), (329, 276), (380, 272), (327, 313), (329, 354)
(261, 89), (392, 90), (261, 133), (319, 147), (348, 153), (404, 139), (240, 231), (329, 222), (411, 231), (274, 274), (326, 277), (385, 276), (327, 315), (328, 349)
(262, 85), (399, 89), (261, 136), (316, 148), (351, 151), (404, 140), (239, 231), (327, 221), (408, 232), (267, 272), (332, 278), (387, 272), (328, 311), (332, 352)
(268, 85), (399, 88), (262, 132), (318, 149), (349, 152), (404, 141), (239, 229), (327, 222), (411, 233), (271, 272), (329, 276), (392, 273), (331, 314), (330, 351)
(265, 85), (402, 90), (264, 133), (318, 149), (350, 153), (402, 139), (242, 228), (330, 222), (420, 228), (273, 271), (331, 275), (388, 270), (325, 311), (334, 349)
(267, 83), (404, 86), (265, 134), (320, 146), (349, 151), (404, 141), (239, 227), (332, 222), (406, 229), (272, 268), (328, 278), (390, 270), (326, 309), (333, 351)
(266, 86), (401, 92), (262, 131), (320, 147), (346, 150), (406, 143), (242, 230), (329, 222), (416, 233), (274, 270), (328, 274), (387, 272), (327, 309), (326, 350)
(265, 82), (397, 89), (263, 135), (321, 151), (348, 152), (402, 140), (240, 224), (327, 224), (412, 233), (270, 272), (326, 277), (390, 277), (325, 307), (328, 351)
(263, 88), (400, 89), (263, 137), (318, 149), (341, 151), (402, 143), (239, 229), (327, 224), (411, 229), (270, 271), (324, 277), (388, 271), (320, 306), (327, 349)
(262, 85), (395, 90), (262, 137), (320, 152), (350, 155), (404, 143), (235, 230), (320, 222), (406, 231), (267, 269), (326, 276), (385, 271), (319, 310), (325, 346)
(258, 88), (393, 87), (257, 134), (308, 146), (342, 150), (396, 143), (235, 229), (324, 222), (408, 231), (267, 273), (323, 277), (387, 270), (324, 307), (328, 352)
(262, 85), (392, 91), (255, 138), (315, 150), (343, 150), (397, 142), (237, 226), (322, 223), (407, 230), (269, 269), (324, 277), (388, 267), (324, 308), (329, 353)
(260, 88), (394, 89), (258, 134), (313, 146), (338, 148), (398, 143), (235, 231), (321, 218), (409, 230), (269, 270), (323, 277), (388, 268), (321, 309), (326, 349)
(259, 84), (394, 89), (262, 134), (316, 146), (345, 147), (398, 145), (237, 229), (324, 221), (411, 230), (264, 271), (321, 277), (386, 269), (323, 307), (327, 349)
(259, 84), (395, 86), (258, 134), (312, 149), (347, 147), (394, 144), (237, 229), (324, 219), (410, 229), (269, 271), (323, 276), (382, 267), (324, 308), (323, 349)
(263, 86), (400, 89), (259, 134), (314, 148), (341, 149), (397, 142), (236, 226), (324, 221), (413, 231), (268, 270), (322, 277), (389, 270), (322, 309), (329, 348)
(261, 86), (397, 90), (261, 136), (318, 148), (343, 151), (403, 142), (237, 228), (327, 220), (414, 228), (270, 272), (328, 278), (387, 267), (321, 313), (329, 352)
